Cohort A
Cognitive Score
Inputs, RHO mean (std), Pval mean (std), MAE mean (std), Permuted RHO (p-val), Permuted MAE (p-val)
GA birth, -0.016(0.059),0.390(0.169),8.788(0.000),-0.016(0.000),-0.048(0.620000),8.788(0.230000)
PMA scan, 0.007(0.052),0.473(0.246),8.788(0.000),-0.016(0.000),0.099(0.030000),8.788(0.030000)
FA corr, -0.159(0.035),0.015(0.020),8.804(0.008),-0.020(0.001),-0.154(0.980000),8.802(0.980000)
GA birth + PMA scan, -0.059(0.042),0.354(0.281),8.788(0.000),-0.016(0.000),-0.091(0.570000),8.788(0.390000)
GA birth + PMA scan + FA corrected, -0.188(0.038),0.008(0.018),8.821(0.013),-0.026(0.002),-0.157(0.830000),8.796(0.720000)
Segmentation (52) corrected, 0.166(0.010),0.005(0.003),8.699(0.028),0.003(0.006),0.165(0.000000),8.713(0.010000)
Random 128 corrected, 0.105(0.014),0.080(0.037),9.420(0.069),-0.123(0.013),0.129(0.080000),9.289(0.120000)
Random 256 corrected, -0.002(0.012),0.860(0.079),11.216(0.067),-0.529(0.027),-0.012(0.540000),11.277(0.780000)
Random 512 corrected, -0.003(0.013),0.852(0.108),13.153(0.186),-1.153(0.052),-0.021(0.600000),13.387(0.660000)
Random 1024 corrected, 0.070(0.020),0.259(0.149),10.936(0.161),-0.529(0.037),0.082(0.220000),10.981(0.440000)
Cohort C
Cognitive Score
Inputs, RHO mean (std), Pval mean (std), MAE mean (std), Permuted RHO (p-val), Permuted MAE (p-val)
GA birth, -0.062(0.097),0.297(0.312),8.418(0.000),-0.001(0.000),-0.149(0.960000),8.418(0.330000)
PMA scan, -0.015(0.086),0.313(0.231),8.418(0.000),-0.001(0.000),-0.122(0.900000),8.418(0.800000)
FA corr, -0.029(0.061),0.433(0.235),8.420(0.005),-0.001(0.001),-0.056(0.590000),8.418(0.390000)
GA birth + PMA scan, -0.093(0.038),0.252(0.249),8.418(0.000),-0.001(0.000),-0.104(0.760000),8.418(0.590000)
GA birth + PMA scan + FA corrected, -0.169(0.022),0.023(0.018),8.477(0.011),-0.009(0.002),-0.165(0.860000),8.476(0.800000)
Segmentation (52) corrected, 0.153(0.007),0.033(0.009),8.748(0.033),-0.010(0.005),0.161(0.030000),8.758(0.040000)
Random 128 corrected, 0.227(0.016),0.002(0.001),9.157(0.106),-0.039(0.020),0.204(0.040000),9.243(0.060000)
Random 256 corrected, 0.099(0.016),0.179(0.074),10.828(0.108),-0.454(0.026),0.116(0.080000),10.775(0.160000)
Random 512 corrected, 0.129(0.017),0.080(0.045),11.146(0.170),-0.478(0.042),0.140(0.090000),11.006(0.150000)
Random 1024 corrected, 0.113(0.012),0.121(0.038),10.155(0.099),-0.264(0.016),0.115(0.100000),10.107(0.230000)
Cohort D
Cognitive Score
Inputs, RHO mean (std), Pval mean (std), MAE mean (std), Permuted RHO (p-val), Permuted MAE (p-val)
GA birth, -0.005(0.056),0.603(0.211),6.627(0.000),-0.005(0.000),-0.072(0.580000),6.627(0.290000)
PMA scan, -0.005(0.078),0.499(0.264),6.627(0.000),-0.005(0.000),0.019(0.250000),6.627(0.450000)
FA corr, -0.010(0.078),0.484(0.252),6.627(0.000),-0.005(0.000),0.022(0.290000),6.627(0.560000)
GA birth + PMA scan, -0.206(0.040),0.033(0.030),6.627(0.000),-0.005(0.000),-0.152(0.570000),6.627(0.180000)
GA birth + PMA scan + FA corrected, -0.239(0.023),0.009(0.005),6.627(0.000),-0.006(0.000),-0.232(0.710000),6.627(0.180000)
Segmentation (52) corrected, -0.083(0.010),0.361(0.061),7.752(0.046),-0.261(0.014),-0.087(0.680000),7.727(0.770000)
Random 128 corrected, -0.034(0.016),0.707(0.125),8.544(0.084),-0.480(0.025),-0.046(0.610000),8.513(0.500000)
Random 256 corrected, 0.103(0.016),0.260(0.074),8.888(0.172),-0.618(0.054),0.090(0.180000),9.156(0.210000)
Random 512 corrected, 0.071(0.015),0.433(0.101),8.503(0.091),-0.366(0.030),0.072(0.160000),8.570(0.350000)
Random 1024 corrected, 0.021(0.018),0.799(0.122),8.268(0.092),-0.303(0.022),0.024(0.300000),8.273(0.660000)
Cohort E
Cognitive Score
Inputs, RHO mean (std), Pval mean (std), MAE mean (std), Permuted RHO (p-val), Permuted MAE (p-val)
GA birth, -0.212(0.000),0.157(0.000),5.994(0.000),-0.028(0.000),-0.212(0.780000),5.994(0.610000)
PMA scan, -0.067(0.144),0.448(0.301),5.978(0.000),-0.026(0.000),0.027(0.240000),5.978(0.530000)
FA corr, -0.115(0.000),0.448(0.001),5.987(0.000),-0.028(0.000),-0.115(0.650000),5.987(0.650000)
GA birth + PMA scan, -0.288(0.002),0.052(0.002),6.006(0.000),-0.033(0.000),-0.289(0.910000),6.007(0.550000)
GA birth + PMA scan + FA corrected, -0.154(0.000),0.308(0.001),6.043(0.000),-0.044(0.000),-0.153(0.530000),6.043(0.430000)
Segmentation (52) corrected, 0.080(0.000),0.599(0.000),7.321(0.000),-0.414(0.000),0.080(0.300000),7.321(0.500000)
Random 128 corrected, -0.051(0.000),0.735(0.000),8.679(0.000),-1.138(0.000),-0.051(0.600000),8.679(0.380000)
Random 256 corrected, -0.003(0.000),0.983(0.000),7.280(0.000),-0.480(0.000),-0.003(0.540000),7.280(0.280000)
Random 512 corrected, -0.023(0.000),0.879(0.000),7.189(0.000),-0.355(0.000),-0.023(0.450000),7.189(0.310000)
Random 1024 corrected, -0.038(0.000),0.801(0.000),6.845(0.000),-0.290(0.000),-0.038(0.460000),6.845(0.360000)
Cohort A
Language Score
Inputs, RHO mean (std), Pval mean (std), MAE mean (std), Permuted RHO (p-val), Permuted MAE (p-val)
GA birth, -0.101(0.031),0.127(0.141),12.705(0.007),-0.016(0.001),-0.146(0.780000),12.707(0.620000)
PMA scan, -0.168(0.018),0.006(0.007),12.747(0.010),-0.024(0.001),-0.165(0.790000),12.750(0.850000)
FA corr, -0.027(0.025),0.656(0.257),12.699(0.016),-0.013(0.002),-0.013(0.300000),12.679(0.080000)
GA birth + PMA scan, -0.189(0.024),0.002(0.002),12.770(0.016),-0.027(0.002),-0.171(0.730000),12.776(0.790000)
GA birth + PMA scan + FA corrected, 0.029(0.010),0.624(0.123),12.671(0.006),-0.009(0.001),0.037(0.180000),12.667(0.190000)
Segmentation (52) corrected, -0.010(0.022),0.731(0.158),13.176(0.073),-0.064(0.011),-0.009(0.500000),13.153(0.730000)
Random 128 corrected, -0.109(0.012),0.067(0.026),14.066(0.102),-0.245(0.014),-0.098(0.850000),13.994(0.750000)
Random 256 corrected, -0.090(0.012),0.131(0.052),15.764(0.080),-0.474(0.017),-0.110(0.890000),15.955(0.920000)
Random 512 corrected, 0.010(0.012),0.826(0.111),16.863(0.180),-0.800(0.039),0.008(0.420000),16.833(0.270000)
Random 1024 corrected, 0.019(0.010),0.755(0.126),15.914(0.114),-0.583(0.019),0.005(0.500000),16.008(0.480000)
Cohort C
Language Score
Inputs, RHO mean (std), Pval mean (std), MAE mean (std), Permuted RHO (p-val), Permuted MAE (p-val)
GA birth, -0.322(0.054),0.000(0.000),12.685(0.059),-0.039(0.007),-0.286(0.510000),12.658(0.580000)
PMA scan, -0.387(0.044),0.000(0.000),12.724(0.046),-0.043(0.005),-0.455(0.970000),12.749(0.900000)
FA corr, 0.005(0.038),0.657(0.188),12.614(0.018),-0.010(0.004),0.049(0.050000),12.583(0.170000)
GA birth + PMA scan, -0.315(0.056),0.000(0.000),12.714(0.032),-0.043(0.006),-0.248(0.510000),12.676(0.650000)
GA birth + PMA scan + FA corrected, 0.016(0.030),0.694(0.173),12.561(0.022),-0.006(0.004),-0.064(0.310000),12.616(0.300000)
Segmentation (52) corrected, 0.065(0.017),0.380(0.122),13.052(0.054),-0.047(0.009),0.073(0.220000),13.049(0.470000)
Random 128 corrected, -0.141(0.019),0.056(0.027),14.973(0.096),-0.353(0.020),-0.128(0.870000),14.999(0.920000)
Random 256 corrected, 0.100(0.018),0.176(0.072),14.639(0.161),-0.357(0.030),0.092(0.140000),14.804(0.190000)
Random 512 corrected, 0.117(0.012),0.108(0.037),15.932(0.161),-0.475(0.026),0.099(0.130000),15.910(0.270000)
Random 1024 corrected, 0.092(0.012),0.207(0.063),14.593(0.107),-0.239(0.017),0.100(0.190000),14.449(0.250000)
Cohort D
Language Score
Inputs, RHO mean (std), Pval mean (std), MAE mean (std), Permuted RHO (p-val), Permuted MAE (p-val)
GA birth, -0.251(0.021),0.006(0.004),10.411(0.041),-0.058(0.005),-0.212(0.760000),10.404(0.990000)
PMA scan, -0.293(0.022),0.001(0.001),10.311(0.020),-0.038(0.003),-0.255(0.820000),10.283(0.890000)
FA corr, -0.130(0.038),0.184(0.147),10.120(0.006),-0.004(0.001),-0.149(0.570000),10.119(0.330000)
GA birth + PMA scan, -0.208(0.026),0.025(0.016),10.478(0.036),-0.059(0.006),-0.193(0.630000),10.458(0.990000)
GA birth + PMA scan + FA corrected, -0.137(0.010),0.127(0.029),10.512(0.024),-0.058(0.003),-0.124(0.560000),10.498(0.990000)
Segmentation (52) corrected, -0.045(0.016),0.619(0.130),11.322(0.090),-0.202(0.016),-0.043(0.560000),11.413(0.660000)
Random 128 corrected, -0.174(0.020),0.058(0.029),12.865(0.194),-0.681(0.047),-0.161(0.870000),12.854(0.740000)
Random 256 corrected, 0.099(0.017),0.280(0.082),11.828(0.150),-0.429(0.028),0.085(0.270000),12.003(0.140000)
Random 512 corrected, 0.044(0.012),0.626(0.091),12.176(0.123),-0.428(0.025),0.074(0.210000),11.883(0.160000)
Random 1024 corrected, 0.016(0.021),0.810(0.131),11.474(0.144),-0.272(0.028),0.034(0.250000),11.366(0.170000)
Cohort E
Language Score
Inputs, RHO mean (std), Pval mean (std), MAE mean (std), Permuted RHO (p-val), Permuted MAE (p-val)
GA birth, -0.793(0.000),0.000(0.000),10.342(0.000),-0.155(0.000),-0.793(0.970000),10.342(0.780000)
PMA scan, -0.788(0.000),0.000(0.000),10.201(0.000),-0.117(0.000),-0.788(0.970000),10.201(0.590000)
FA corr, -0.560(0.000),0.000(0.000),10.261(0.000),-0.123(0.000),-0.560(0.590000),10.261(0.510000)
GA birth + PMA scan, -0.787(0.000),0.000(0.000),10.282(0.000),-0.141(0.000),-0.787(0.980000),10.282(0.620000)
GA birth + PMA scan + FA corrected, -0.602(0.000),0.000(0.000),10.604(0.000),-0.204(0.000),-0.602(0.940000),10.604(0.720000)
Segmentation (52) corrected, -0.272(0.000),0.068(0.000),11.675(0.000),-0.491(0.000),-0.272(0.910000),11.675(0.290000)
Random 128 corrected, -0.155(0.000),0.305(0.000),11.881(0.000),-0.638(0.000),-0.155(0.770000),11.881(0.140000)
Random 256 corrected, 0.017(0.000),0.912(0.000),14.731(0.000),-2.343(0.000),0.017(0.430000),14.731(0.730000)
Random 512 corrected, 0.064(0.000),0.674(0.000),12.018(0.000),-0.525(0.000),0.064(0.380000),12.018(0.550000)
Random 1024 corrected, -0.167(0.000),0.268(0.000),11.341(0.000),-0.296(0.000),-0.167(0.780000),11.341(0.380000)
Cohort A
Motor Score
Inputs, RHO mean (std), Pval mean (std), MAE mean (std), Permuted RHO (p-val), Permuted MAE (p-val)
GA birth, -0.233(0.030),0.000(0.001),7.349(0.023),-0.055(0.004),-0.245(0.650000),7.351(0.690000)
PMA scan, -0.243(0.053),0.001(0.004),7.342(0.026),-0.057(0.008),-0.249(0.660000),7.347(0.510000)
FA corr, -0.229(0.058),0.002(0.003),7.344(0.031),-0.053(0.008),-0.157(0.120000),7.340(0.390000)
GA birth + PMA scan, -0.249(0.051),0.001(0.001),7.350(0.033),-0.058(0.008),-0.266(0.760000),7.385(0.890000)
GA birth + PMA scan + FA corrected, -0.248(0.032),0.000(0.000),7.353(0.027),-0.058(0.006),-0.298(0.900000),7.367(0.890000)
Segmentation (52) corrected, 0.007(0.011),0.882(0.129),7.516(0.031),-0.108(0.009),0.006(0.310000),7.494(0.360000)
Random 128 corrected, 0.052(0.009),0.380(0.085),8.117(0.045),-0.227(0.015),0.045(0.260000),8.089(0.460000)
Random 256 corrected, 0.053(0.011),0.370(0.096),9.161(0.067),-0.525(0.025),0.062(0.180000),9.123(0.360000)
Random 512 corrected, 0.018(0.008),0.756(0.110),11.131(0.115),-1.224(0.046),0.016(0.350000),11.006(0.410000)
Random 1024 corrected, 0.082(0.014),0.174(0.090),9.276(0.083),-0.549(0.030),0.048(0.290000),9.472(0.510000)
Cohort C
Motor Score
Inputs, RHO mean (std), Pval mean (std), MAE mean (std), Permuted RHO (p-val), Permuted MAE (p-val)
GA birth, -0.025(0.109),0.416(0.368),7.316(0.000),-0.014(0.000),0.026(0.230000),7.316(0.360000)
PMA scan, -0.023(0.085),0.343(0.265),7.316(0.000),-0.014(0.000),0.092(0.120000),7.316(0.160000)
FA corr, 0.019(0.058),0.495(0.223),7.316(0.000),-0.014(0.000),-0.051(0.570000),7.316(0.750000)
GA birth + PMA scan, -0.121(0.021),0.105(0.055),7.330(0.004),-0.016(0.001),-0.101(0.560000),7.322(0.590000)
GA birth + PMA scan + FA corrected, -0.125(0.011),0.085(0.026),7.331(0.003),-0.016(0.000),-0.110(0.570000),7.333(0.660000)
Segmentation (52) corrected, 0.147(0.013),0.043(0.018),7.211(0.039),-0.015(0.009),0.125(0.140000),7.273(0.020000)
Random 128 corrected, 0.093(0.013),0.200(0.060),8.472(0.075),-0.206(0.018),0.081(0.140000),8.512(0.310000)
Random 256 corrected, 0.097(0.016),0.188(0.073),9.468(0.091),-0.508(0.027),0.072(0.290000),9.597(0.260000)
Random 512 corrected, 0.049(0.019),0.511(0.180),10.059(0.126),-0.680(0.036),0.058(0.280000),10.034(0.380000)
Random 1024 corrected, 0.057(0.009),0.434(0.072),8.962(0.049),-0.370(0.012),0.057(0.290000),8.954(0.520000)
Cohort D
Motor Score
Inputs, RHO mean (std), Pval mean (std), MAE mean (std), Permuted RHO (p-val), Permuted MAE (p-val)
GA birth, -0.016(0.093),0.415(0.263),5.865(0.000),-0.027(0.000),-0.161(0.780000),5.865(0.640000)
PMA scan, 0.011(0.036),0.725(0.151),5.865(0.000),-0.027(0.000),0.011(0.470000),5.865(0.560000)
FA corr, 0.013(0.049),0.693(0.248),5.865(0.000),-0.027(0.000),0.096(0.050000),5.865(0.090000)
GA birth + PMA scan, -0.167(0.039),0.090(0.096),5.866(0.002),-0.027(0.001),-0.083(0.410000),5.865(0.390000)
GA birth + PMA scan + FA corrected, -0.201(0.050),0.048(0.048),5.865(0.000),-0.027(0.000),-0.178(0.660000),5.865(0.200000)
Segmentation (52) corrected, -0.000(0.019),0.857(0.092),6.306(0.069),-0.146(0.017),0.025(0.310000),6.212(0.080000)
Random 128 corrected, 0.090(0.018),0.324(0.099),7.667(0.125),-0.415(0.038),0.108(0.210000),7.604(0.510000)
Random 256 corrected, 0.119(0.013),0.190(0.051),8.201(0.107),-0.723(0.039),0.134(0.130000),8.221(0.330000)
Random 512 corrected, 0.034(0.018),0.710(0.142),7.540(0.123),-0.440(0.040),0.025(0.480000),7.543(0.480000)
Random 1024 corrected, 0.024(0.017),0.797(0.145),7.025(0.082),-0.275(0.025),0.016(0.510000),7.050(0.550000)
Cohort E
Motor Score
Inputs, RHO mean (std), Pval mean (std), MAE mean (std), Permuted RHO (p-val), Permuted MAE (p-val)
GA birth, -0.128(0.157),0.284(0.207),5.522(0.000),-0.051(0.000),0.150(0.130000),5.522(0.270000)
PMA scan, -0.068(0.175),0.444(0.354),5.522(0.000),-0.051(0.000),0.018(0.250000),5.522(0.050000)
FA corr, 0.123(0.141),0.411(0.302),5.522(0.000),-0.051(0.000),0.279(0.030000),5.522(0.160000)
GA birth + PMA scan, -0.025(0.011),0.868(0.058),5.523(0.000),-0.051(0.000),-0.020(0.240000),5.523(0.260000)
GA birth + PMA scan + FA corrected, -0.040(0.013),0.792(0.063),5.523(0.000),-0.051(0.000),-0.026(0.190000),5.523(0.120000)
Segmentation (52) corrected, -0.100(0.000),0.507(0.000),8.337(0.000),-0.632(0.000),-0.100(0.600000),8.337(0.870000)
Random 128 corrected, 0.035(0.000),0.818(0.000),9.064(0.000),-1.520(0.000),0.035(0.410000),9.064(0.730000)
Random 256 corrected, -0.071(0.000),0.641(0.000),8.607(0.000),-0.926(0.000),-0.071(0.560000),8.607(0.730000)
Random 512 corrected, -0.089(0.000),0.556(0.000),7.706(0.000),-0.476(0.000),-0.089(0.630000),7.706(0.740000)
Random 1024 corrected, -0.129(0.000),0.394(0.000),7.259(0.000),-0.367(0.000),-0.129(0.700000),7.259(0.740000)
