Cohort A
Cognitive Score
Inputs, RHO mean (std), Pval mean (std), MAE mean (std), Permuted RHO (p-val), Permuted MAE (p-val)
GA birth, 0.007(0.056),0.499(0.276),8.788(0.000),-0.016(0.000),0.053(0.241000),8.788(0.105000)
PMA scan, -0.008(0.061),0.492(0.297),8.788(0.000),-0.016(0.000),0.073(0.151000),8.788(0.148000)
FA, -0.089(0.062),0.185(0.223),8.790(0.004),-0.017(0.001),-0.136(0.940000),8.789(0.917000)
FA corr, -0.156(0.033),0.020(0.048),8.801(0.007),-0.019(0.001),-0.129(0.935000),8.792(0.941000)
GA birth + PMA scan, -0.040(0.058),0.447(0.291),8.788(0.000),-0.016(0.000),0.011(0.180000),8.788(0.101000)
GA birth + PMA scan + FA, -0.119(0.040),0.092(0.121),8.800(0.010),-0.019(0.002),-0.166(0.827000),8.810(0.804000)
GA birth + PMA scan + FA corrected, -0.184(0.033),0.005(0.008),8.820(0.013),-0.023(0.003),-0.157(0.823000),8.824(0.924000)
Segmentation (52), 0.133(0.010),0.024(0.011),8.701(0.030),-0.006(0.006),0.147(0.023000),8.701(0.049000)
Segmentation (52) corrected, 0.126(0.012),0.034(0.018),8.762(0.041),-0.016(0.007),0.128(0.050000),8.796(0.126000)
Random 128, 0.052(0.015),0.392(0.139),9.539(0.072),-0.160(0.015),0.053(0.248000),9.596(0.511000)
Random 128 corrected, 0.108(0.013),0.072(0.036),9.416(0.065),-0.121(0.014),0.102(0.109000),9.456(0.217000)
Random 256, -0.025(0.014),0.669(0.157),11.183(0.098),-0.513(0.026),-0.004(0.488000),11.033(0.754000)
Random 256 corrected, -0.041(0.015),0.494(0.160),11.482(0.119),-0.602(0.029),-0.042(0.685000),11.388(0.807000)
Random 512, 0.010(0.015),0.809(0.133),12.737(0.150),-1.045(0.044),0.003(0.490000),12.944(0.610000)
Random 512 corrected, 0.002(0.015),0.844(0.118),12.848(0.171),-1.065(0.048),-0.008(0.531000),13.142(0.601000)
Random 1024, 0.041(0.012),0.489(0.133),11.506(0.111),-0.561(0.027),0.027(0.366000),11.558(0.747000)
Random 1024 corrected, 0.061(0.012),0.305(0.094),11.150(0.098),-0.489(0.025),0.057(0.247000),11.225(0.648000)
Cohort B
Cognitive Score
Inputs, RHO mean (std), Pval mean (std), MAE mean (std), Permuted RHO (p-val), Permuted MAE (p-val)
GA birth, -0.026(0.075),0.462(0.284),8.359(0.000),-0.001(0.000),0.030(0.327000),8.359(0.154000)
PMA scan, -0.026(0.090),0.435(0.313),8.359(0.000),-0.001(0.000),-0.067(0.748000),8.359(0.541000)
FA, -0.015(0.089),0.426(0.310),8.359(0.000),-0.001(0.000),-0.048(0.689000),8.359(0.545000)
FA corr, -0.047(0.087),0.358(0.280),8.359(0.000),-0.001(0.000),0.103(0.082000),8.359(0.080000)
GA birth + PMA scan, -0.076(0.056),0.316(0.248),8.359(0.000),-0.001(0.000),-0.046(0.396000),8.359(0.144000)
GA birth + PMA scan + FA, -0.123(0.045),0.141(0.152),8.359(0.000),-0.001(0.000),-0.143(0.816000),8.359(0.446000)
GA birth + PMA scan + FA corrected, -0.115(0.036),0.145(0.109),8.361(0.002),-0.001(0.000),-0.057(0.334000),8.359(0.552000)
Segmentation (52), -0.003(0.015),0.856(0.092),8.972(0.041),-0.075(0.008),-0.014(0.479000),9.026(0.635000)
Segmentation (52) corrected, 0.032(0.014),0.660(0.144),9.032(0.044),-0.067(0.009),0.051(0.259000),8.975(0.472000)
Random 128, 0.099(0.017),0.179(0.081),9.317(0.077),-0.115(0.016),0.110(0.125000),9.267(0.144000)
Random 128 corrected, 0.101(0.017),0.166(0.071),9.419(0.088),-0.136(0.017),0.119(0.117000),9.266(0.076000)
Random 256, -0.007(0.018),0.829(0.115),10.793(0.131),-0.480(0.031),0.005(0.474000),10.676(0.283000)
Random 256 corrected, 0.007(0.016),0.852(0.126),10.966(0.144),-0.536(0.037),-0.015(0.560000),11.246(0.448000)
Random 512, 0.154(0.014),0.034(0.015),10.934(0.145),-0.509(0.035),0.149(0.058000),10.914(0.131000)
Random 512 corrected, 0.135(0.014),0.062(0.029),10.720(0.129),-0.464(0.031),0.141(0.082000),10.866(0.156000)
Random 1024, 0.093(0.014),0.202(0.071),10.346(0.095),-0.293(0.021),0.094(0.186000),10.390(0.495000)
Random 1024 corrected, 0.079(0.014),0.277(0.085),10.424(0.103),-0.308(0.023),0.088(0.176000),10.408(0.544000)
Cohort C
Cognitive Score
Inputs, RHO mean (std), Pval mean (std), MAE mean (std), Permuted RHO (p-val), Permuted MAE (p-val)
GA birth, -0.028(0.083),0.443(0.312),8.418(0.000),-0.001(0.000),-0.019(0.551000),8.418(0.485000)
PMA scan, -0.022(0.086),0.404(0.283),8.418(0.000),-0.001(0.000),-0.131(0.930000),8.418(0.518000)
FA, -0.013(0.067),0.486(0.271),8.418(0.000),-0.001(0.000),0.030(0.290000),8.418(0.718000)
FA corr, -0.034(0.081),0.413(0.305),8.418(0.000),-0.001(0.000),-0.180(0.979000),8.418(0.498000)
GA birth + PMA scan, -0.081(0.044),0.320(0.248),8.418(0.000),-0.001(0.000),-0.055(0.408000),8.418(0.287000)
GA birth + PMA scan + FA, -0.132(0.043),0.108(0.107),8.419(0.001),-0.001(0.000),-0.092(0.567000),8.420(0.543000)
GA birth + PMA scan + FA corrected, -0.115(0.033),0.145(0.116),8.422(0.002),-0.001(0.000),-0.127(0.729000),8.423(0.596000)
Segmentation (52), 0.001(0.015),0.868(0.091),9.006(0.042),-0.073(0.008),0.009(0.390000),8.943(0.397000)
Segmentation (52) corrected, 0.032(0.015),0.661(0.136),9.061(0.040),-0.066(0.009),0.020(0.342000),9.059(0.479000)
Random 128, 0.094(0.019),0.203(0.093),9.380(0.091),-0.116(0.019),0.101(0.137000),9.336(0.138000)
Random 128 corrected, 0.102(0.015),0.162(0.065),9.484(0.092),-0.134(0.017),0.084(0.170000),9.548(0.172000)
Random 256, 0.001(0.018),0.852(0.116),10.752(0.133),-0.454(0.031),0.010(0.443000),10.857(0.360000)
Random 256 corrected, 0.011(0.017),0.822(0.121),11.003(0.145),-0.525(0.034),0.022(0.400000),11.002(0.275000)
Random 512, 0.146(0.014),0.045(0.021),11.089(0.147),-0.526(0.034),0.159(0.059000),10.983(0.132000)
Random 512 corrected, 0.127(0.016),0.083(0.040),10.926(0.138),-0.491(0.033),0.134(0.094000),10.943(0.193000)
Random 1024, 0.105(0.014),0.152(0.055),10.282(0.093),-0.262(0.020),0.086(0.190000),10.382(0.446000)
Random 1024 corrected, 0.081(0.014),0.271(0.090),10.406(0.099),-0.291(0.021),0.069(0.219000),10.515(0.561000)
Cohort D
Cognitive Score
Inputs, RHO mean (std), Pval mean (std), MAE mean (std), Permuted RHO (p-val), Permuted MAE (p-val)
GA birth, -0.017(0.106),0.463(0.313),6.627(0.001),-0.005(0.000),-0.149(0.793000),6.627(0.697000)
PMA scan, 0.013(0.093),0.502(0.288),6.627(0.000),-0.005(0.000),0.145(0.066000),6.627(0.248000)
FA, 0.003(0.094),0.458(0.275),6.627(0.000),-0.005(0.000),0.033(0.260000),6.627(0.756000)
FA corr, -0.002(0.091),0.465(0.270),6.627(0.000),-0.005(0.000),-0.045(0.515000),6.627(0.127000)
GA birth + PMA scan, -0.199(0.057),0.056(0.137),6.627(0.001),-0.006(0.000),-0.139(0.565000),6.627(0.149000)
GA birth + PMA scan + FA, -0.211(0.040),0.037(0.092),6.627(0.002),-0.006(0.001),-0.213(0.683000),6.627(0.180000)
GA birth + PMA scan + FA corrected, -0.202(0.053),0.056(0.111),6.627(0.001),-0.006(0.000),-0.241(0.747000),6.627(0.204000)
Segmentation (52), -0.292(0.021),0.001(0.001),7.845(0.066),-0.292(0.016),-0.319(0.986000),7.891(0.998000)
Segmentation (52) corrected, -0.245(0.019),0.007(0.005),7.948(0.071),-0.303(0.019),-0.260(0.963000),8.009(0.990000)
Random 128, 0.060(0.019),0.517(0.135),7.753(0.093),-0.237(0.025),0.086(0.234000),7.616(0.184000)
Random 128 corrected, 0.041(0.018),0.656(0.143),8.085(0.102),-0.350(0.028),0.020(0.429000),8.187(0.425000)
Random 256, 0.104(0.022),0.261(0.105),8.231(0.137),-0.338(0.037),0.116(0.169000),8.211(0.079000)
Random 256 corrected, 0.073(0.018),0.425(0.113),8.623(0.124),-0.505(0.039),0.047(0.350000),8.754(0.183000)
Random 512, 0.185(0.017),0.042(0.020),7.572(0.096),-0.157(0.025),0.181(0.067000),7.525(0.046000)
Random 512 corrected, 0.214(0.019),0.019(0.014),7.195(0.090),-0.071(0.024),0.230(0.021000),7.124(0.008000)
Random 1024, 0.248(0.017),0.006(0.004),6.906(0.062),0.027(0.015),0.247(0.016000),6.901(0.013000)
Random 1024 corrected, 0.258(0.018),0.004(0.004),6.825(0.068),0.036(0.016),0.234(0.021000),6.866(0.017000)
Cohort E
Cognitive Score
Inputs, RHO mean (std), Pval mean (std), MAE mean (std), Permuted RHO (p-val), Permuted MAE (p-val)
GA birth, 0.114(0.293),0.238(0.271),6.304(0.000),-0.039(0.000),0.192(0.110000),6.304(0.234000)
PMA scan, -0.370(0.000),0.011(0.000),6.585(0.000),-0.079(0.000),-0.370(0.925000),6.585(0.969000)
FA, -0.072(0.000),0.635(0.002),6.305(0.000),-0.039(0.000),-0.072(0.386000),6.305(0.627000)
FA corr, -0.004(0.113),0.640(0.235),6.304(0.000),-0.039(0.000),-0.038(0.341000),6.304(0.174000)
GA birth + PMA scan, -0.365(0.000),0.013(0.000),6.577(0.000),-0.078(0.000),-0.365(0.917000),6.577(0.924000)
GA birth + PMA scan + FA, -0.400(0.000),0.006(0.000),6.724(0.000),-0.106(0.000),-0.400(0.962000),6.724(0.958000)
GA birth + PMA scan + FA corrected, -0.411(0.000),0.005(0.000),6.655(0.000),-0.097(0.000),-0.411(0.963000),6.655(0.884000)
Segmentation (52), 0.160(0.000),0.288(0.000),7.056(0.000),-0.092(0.000),0.160(0.163000),7.056(0.425000)
Segmentation (52) corrected, 0.080(0.000),0.596(0.000),6.963(0.000),-0.149(0.000),0.080(0.301000),6.963(0.307000)
Random 128, 0.081(0.000),0.593(0.000),8.212(0.000),-0.331(0.000),0.081(0.304000),8.212(0.418000)
Random 128 corrected, 0.127(0.000),0.402(0.000),8.096(0.000),-0.273(0.000),0.127(0.201000),8.096(0.315000)
Random 256, -0.009(0.000),0.953(0.000),8.394(0.000),-0.440(0.000),-0.009(0.466000),8.394(0.617000)
Random 256 corrected, 0.024(0.000),0.872(0.000),7.846(0.000),-0.328(0.000),0.024(0.377000),7.846(0.340000)
Random 512, -0.124(0.000),0.411(0.000),8.220(0.000),-0.381(0.000),-0.124(0.652000),8.220(0.842000)
Random 512 corrected, -0.081(0.000),0.591(0.000),8.483(0.000),-0.471(0.000),-0.081(0.568000),8.483(0.880000)
Random 1024, 0.041(0.000),0.788(0.000),6.850(0.000),-0.077(0.000),0.041(0.313000),6.850(0.303000)
Random 1024 corrected, 0.042(0.000),0.781(0.000),7.111(0.000),-0.091(0.000),0.042(0.285000),7.111(0.374000)
Cohort A
Language Score
Inputs, RHO mean (std), Pval mean (std), MAE mean (std), Permuted RHO (p-val), Permuted MAE (p-val)
GA birth, -0.090(0.047),0.158(0.167),12.703(0.011),-0.016(0.002),-0.124(0.710000),12.718(0.698000)
PMA scan, -0.184(0.031),0.006(0.013),12.759(0.020),-0.025(0.002),-0.151(0.793000),12.733(0.787000)
FA, 0.037(0.020),0.527(0.183),12.655(0.012),-0.009(0.002),0.025(0.207000),12.656(0.067000)
FA corr, 0.062(0.013),0.299(0.105),12.642(0.014),-0.002(0.002),0.059(0.091000),12.646(0.046000)
GA birth + PMA scan, -0.196(0.024),0.002(0.004),12.768(0.019),-0.027(0.002),-0.186(0.782000),12.741(0.713000)
GA birth + PMA scan + FA, -0.002(0.015),0.835(0.107),12.681(0.012),-0.013(0.002),-0.006(0.255000),12.688(0.222000)
GA birth + PMA scan + FA corrected, 0.049(0.013),0.414(0.129),12.656(0.015),-0.005(0.002),0.048(0.108000),12.654(0.139000)
Segmentation (52), 0.018(0.014),0.754(0.165),13.029(0.048),-0.055(0.007),-0.005(0.454000),13.121(0.788000)
Segmentation (52) corrected, 0.016(0.014),0.763(0.145),13.090(0.047),-0.061(0.007),-0.011(0.467000),13.191(0.823000)
Random 128, 0.020(0.014),0.726(0.147),13.642(0.079),-0.159(0.013),0.013(0.387000),13.660(0.606000)
Random 128 corrected, 0.038(0.008),0.518(0.089),13.544(0.057),-0.149(0.009),0.051(0.340000),13.563(0.390000)
Random 256, -0.035(0.015),0.559(0.155),14.758(0.115),-0.414(0.021),-0.023(0.530000),14.708(0.430000)
Random 256 corrected, 0.017(0.014),0.783(0.181),14.652(0.122),-0.373(0.022),0.006(0.470000),14.696(0.330000)
Random 512, 0.026(0.012),0.661(0.142),16.400(0.159),-0.723(0.033),0.009(0.440000),16.701(0.300000)
Random 512 corrected, 0.077(0.012),0.198(0.073),15.975(0.184),-0.610(0.030),0.087(0.100000),15.593(0.040000)
Random 1024, 0.040(0.012),0.500(0.132),15.386(0.134),-0.543(0.025),0.047(0.330000),15.281(0.220000)
Random 1024 corrected, 0.042(0.008),0.477(0.092),15.241(0.110),-0.532(0.022),0.031(0.420000),15.403(0.430000)
Cohort B
Language Score
Inputs, RHO mean (std), Pval mean (std), MAE mean (std), Permuted RHO (p-val), Permuted MAE (p-val)
GA birth, -0.267(0.051),0.001(0.002),12.739(0.030),-0.034(0.005),-0.263(0.510000),12.752(0.460000)
PMA scan, -0.313(0.041),0.000(0.001),12.780(0.025),-0.037(0.005),-0.312(0.600000),12.788(0.660000)
FA, -0.319(0.039),0.000(0.000),12.813(0.040),-0.037(0.004),-0.341(0.800000),12.853(0.960000)
FA corr, 0.105(0.021),0.160(0.084),12.653(0.021),0.000(0.003),0.100(0.050000),12.668(0.230000)
GA birth + PMA scan, -0.233(0.039),0.003(0.003),12.746(0.028),-0.033(0.005),-0.268(0.550000),12.788(0.670000)
GA birth + PMA scan + FA, 0.015(0.008),0.833(0.093),12.659(0.012),-0.008(0.001),0.016(0.170000),12.669(0.280000)
GA birth + PMA scan + FA corrected, 0.057(0.009),0.428(0.077),12.668(0.010),-0.001(0.002),0.068(0.050000),12.655(0.190000)
Segmentation (52), 0.076(0.016),0.300(0.100),13.047(0.045),-0.034(0.009),0.084(0.160000),13.009(0.390000)
Segmentation (52) corrected, 0.043(0.007),0.547(0.063),13.156(0.040),-0.059(0.004),0.042(0.270000),13.137(0.530000)
Random 128, -0.088(0.010),0.224(0.054),14.438(0.099),-0.271(0.015),-0.073(0.730000),14.415(0.890000)
Random 128 corrected, -0.040(0.014),0.583(0.137),14.254(0.097),-0.244(0.016),-0.058(0.700000),14.435(0.770000)
Random 256, 0.005(0.022),0.775(0.108),15.297(0.231),-0.494(0.043),-0.013(0.570000),15.283(0.520000)
Random 256 corrected, 0.007(0.015),0.860(0.105),15.569(0.177),-0.550(0.033),-0.009(0.490000),15.617(0.500000)
Random 512, -0.040(0.009),0.575(0.086),18.629(0.145),-0.971(0.029),-0.038(0.550000),18.587(0.890000)
Random 512 corrected, -0.032(0.012),0.655(0.120),18.528(0.198),-0.918(0.035),-0.019(0.570000),18.373(0.900000)
Random 1024, 0.055(0.015),0.454(0.104),14.825(0.132),-0.334(0.025),0.094(0.170000),14.556(0.250000)
Random 1024 corrected, 0.023(0.008),0.749(0.087),14.951(0.097),-0.381(0.012),0.022(0.320000),14.998(0.390000)
Cohort C
Language Score
Inputs, RHO mean (std), Pval mean (std), MAE mean (std), Permuted RHO (p-val), Permuted MAE (p-val)
GA birth, -0.362(0.051),0.000(0.000),12.702(0.035),-0.043(0.006),-0.322(0.630000),12.715(0.870000)
PMA scan, -0.325(0.057),0.000(0.000),12.673(0.029),-0.036(0.004),-0.325(0.750000),12.648(0.600000)
FA, -0.318(0.050),0.000(0.000),12.726(0.051),-0.038(0.006),-0.393(0.890000),12.814(1.000000)
FA corr, 0.125(0.011),0.085(0.028),12.540(0.016),0.004(0.002),0.115(0.020000),12.551(0.060000)
GA birth + PMA scan, -0.316(0.057),0.000(0.000),12.716(0.041),-0.041(0.005),-0.260(0.490000),12.672(0.560000)
GA birth + PMA scan + FA, -0.004(0.021),0.806(0.116),12.565(0.017),-0.010(0.003),0.016(0.170000),12.543(0.160000)
GA birth + PMA scan + FA corrected, 0.043(0.010),0.558(0.089),12.580(0.018),-0.003(0.002),0.047(0.100000),12.576(0.320000)
Segmentation (52), 0.036(0.009),0.619(0.088),13.014(0.050),-0.056(0.006),0.019(0.430000),13.059(0.670000)
Segmentation (52) corrected, 0.037(0.013),0.607(0.127),13.067(0.056),-0.065(0.008),0.052(0.280000),12.997(0.510000)
Random 128, -0.070(0.007),0.333(0.048),14.311(0.064),-0.272(0.008),-0.066(0.720000),14.315(0.890000)
Random 128 corrected, -0.019(0.010),0.795(0.107),14.171(0.117),-0.242(0.015),-0.014(0.430000),14.161(0.650000)
Random 256, 0.004(0.013),0.881(0.090),15.194(0.189),-0.511(0.028),-0.002(0.520000),15.385(0.650000)
Random 256 corrected, 0.013(0.017),0.808(0.121),15.362(0.183),-0.562(0.032),0.037(0.300000),15.054(0.330000)
Random 512, -0.058(0.011),0.426(0.089),18.441(0.153),-1.027(0.030),-0.043(0.640000),18.273(0.910000)
Random 512 corrected, -0.031(0.013),0.668(0.127),17.949(0.201),-0.899(0.040),-0.027(0.660000),17.880(0.810000)
Random 1024, 0.057(0.015),0.440(0.116),14.848(0.123),-0.344(0.021),0.058(0.320000),14.671(0.400000)
Random 1024 corrected, 0.019(0.019),0.742(0.125),15.027(0.249),-0.416(0.036),0.012(0.420000),14.888(0.450000)
Cohort D
Language Score
Inputs, RHO mean (std), Pval mean (std), MAE mean (std), Permuted RHO (p-val), Permuted MAE (p-val)
GA birth, -0.218(0.019),0.017(0.015),10.376(0.015),-0.051(0.003),-0.233(0.810000),10.383(1.000000)
PMA scan, -0.290(0.031),0.002(0.002),10.313(0.024),-0.038(0.004),-0.261(0.830000),10.306(0.940000)
FA, -0.193(0.051),0.059(0.065),10.220(0.030),-0.023(0.006),-0.173(0.660000),10.203(0.780000)
FA corr, -0.073(0.025),0.433(0.169),10.211(0.020),-0.017(0.004),-0.064(0.360000),10.195(0.750000)
GA birth + PMA scan, -0.190(0.037),0.051(0.051),10.454(0.048),-0.055(0.008),-0.233(0.780000),10.525(0.980000)
GA birth + PMA scan + FA, -0.091(0.012),0.316(0.064),10.435(0.022),-0.046(0.003),-0.096(0.410000),10.442(0.970000)
GA birth + PMA scan + FA corrected, -0.056(0.017),0.539(0.117),10.425(0.027),-0.043(0.005),-0.051(0.380000),10.440(0.980000)
Segmentation (52), -0.166(0.015),0.067(0.028),11.595(0.078),-0.246(0.014),-0.173(0.760000),11.576(0.960000)
Segmentation (52) corrected, -0.231(0.019),0.011(0.008),11.904(0.107),-0.323(0.016),-0.242(0.970000),11.886(1.000000)
Random 128, -0.164(0.009),0.067(0.015),12.291(0.075),-0.428(0.020),-0.170(0.870000),12.309(0.780000)
Random 128 corrected, -0.108(0.011),0.233(0.051),12.289(0.094),-0.452(0.025),-0.106(0.700000),12.437(0.670000)
Random 256, 0.004(0.020),0.844(0.088),13.005(0.171),-0.551(0.036),-0.025(0.620000),13.175(0.470000)
Random 256 corrected, 0.059(0.024),0.530(0.170),13.103(0.203),-0.590(0.050),0.077(0.260000),12.877(0.310000)
Random 512, 0.003(0.009),0.926(0.043),12.565(0.135),-0.443(0.020),0.008(0.410000),12.618(0.530000)
Random 512 corrected, 0.055(0.013),0.548(0.096),12.159(0.083),-0.358(0.024),0.061(0.270000),12.150(0.360000)
Random 1024, 0.081(0.011),0.373(0.066),11.028(0.079),-0.149(0.012),0.090(0.130000),10.907(0.100000)
Random 1024 corrected, 0.103(0.018),0.261(0.086),10.853(0.098),-0.126(0.019),0.111(0.150000),10.832(0.140000)
Cohort E
Language Score
Inputs, RHO mean (std), Pval mean (std), MAE mean (std), Permuted RHO (p-val), Permuted MAE (p-val)
GA birth, -0.367(0.000),0.012(0.000),11.296(0.000),-0.083(0.000),-0.367(0.460000),11.296(0.370000)
PMA scan, -0.610(0.000),0.000(0.000),11.621(0.000),-0.152(0.000),-0.610(0.630000),11.621(0.920000)
FA, -0.049(0.000),0.744(0.000),11.472(0.000),-0.096(0.000),-0.049(0.190000),11.472(0.800000)
FA corr, 0.025(0.000),0.869(0.000),11.318(0.000),-0.066(0.000),0.025(0.120000),11.318(0.460000)
GA birth + PMA scan, -0.428(0.000),0.003(0.000),11.368(0.000),-0.096(0.000),-0.428(0.670000),11.368(0.570000)
GA birth + PMA scan + FA, -0.014(0.000),0.926(0.000),11.399(0.000),-0.074(0.000),-0.014(0.200000),11.399(0.410000)
GA birth + PMA scan + FA corrected, 0.087(0.000),0.564(0.000),11.021(0.000),-0.019(0.000),0.087(0.070000),11.020(0.100000)
Segmentation (52), 0.213(0.000),0.154(0.000),11.796(0.000),-0.072(0.000),0.213(0.110000),11.796(0.210000)
Segmentation (52) corrected, 0.208(0.000),0.166(0.000),11.512(0.000),-0.070(0.000),0.208(0.150000),11.512(0.200000)
Random 128, 0.024(0.000),0.876(0.000),13.499(0.000),-0.486(0.000),0.024(0.440000),13.499(0.500000)
Random 128 corrected, -0.013(0.000),0.931(0.000),13.777(0.000),-0.556(0.000),-0.013(0.420000),13.777(0.510000)
Random 256, -0.056(0.000),0.711(0.000),13.662(0.000),-0.437(0.000),-0.056(0.530000),13.662(0.520000)
Random 256 corrected, -0.061(0.000),0.689(0.000),13.612(0.000),-0.449(0.000),-0.061(0.660000),13.612(0.650000)
Random 512, -0.032(0.000),0.834(0.000),12.596(0.000),-0.259(0.000),-0.032(0.400000),12.596(0.530000)
Random 512 corrected, -0.030(0.000),0.841(0.000),13.093(0.000),-0.303(0.000),-0.030(0.490000),13.093(0.710000)
Random 1024, 0.012(0.000),0.936(0.000),12.200(0.000),-0.177(0.000),0.012(0.400000),12.200(0.590000)
Random 1024 corrected, 0.020(0.000),0.895(0.000),12.435(0.000),-0.187(0.000),0.020(0.380000),12.435(0.710000)
Cohort A
Motor Score
Inputs, RHO mean (std), Pval mean (std), MAE mean (std), Permuted RHO (p-val), Permuted MAE (p-val)
GA birth, -0.227(0.048),0.002(0.005),7.347(0.033),-0.054(0.007),-0.246(0.550000),7.358(0.650000)
PMA scan, -0.199(0.044),0.008(0.017),7.338(0.044),-0.049(0.008),-0.244(0.620000),7.374(0.820000)
FA, -0.232(0.042),0.002(0.005),7.342(0.031),-0.055(0.007),-0.293(0.900000),7.331(0.360000)
FA corr, -0.235(0.039),0.000(0.001),7.330(0.026),-0.056(0.006),-0.253(0.690000),7.381(0.860000)
GA birth + PMA scan, -0.250(0.058),0.002(0.003),7.352(0.031),-0.057(0.009),-0.159(0.250000),7.309(0.300000)
GA birth + PMA scan + FA, -0.243(0.050),0.001(0.001),7.359(0.027),-0.057(0.007),-0.231(0.600000),7.354(0.700000)
GA birth + PMA scan + FA corrected, -0.231(0.039),0.001(0.002),7.347(0.032),-0.055(0.006),-0.234(0.540000),7.393(0.950000)
Segmentation (52), 0.041(0.012),0.489(0.127),7.344(0.029),-0.057(0.008),0.060(0.180000),7.314(0.210000)
Segmentation (52) corrected, 0.009(0.011),0.874(0.135),7.444(0.026),-0.077(0.006),0.029(0.310000),7.412(0.280000)
Random 128, 0.143(0.011),0.016(0.008),7.768(0.044),-0.085(0.011),0.133(0.060000),7.843(0.320000)
Random 128 corrected, 0.144(0.012),0.015(0.007),7.784(0.057),-0.102(0.015),0.143(0.050000),7.801(0.130000)
Random 256, 0.020(0.010),0.742(0.126),9.053(0.124),-0.501(0.028),0.018(0.390000),9.171(0.580000)
Random 256 corrected, 0.033(0.015),0.581(0.182),9.322(0.120),-0.548(0.032),0.010(0.560000),9.365(0.690000)
Random 512, 0.034(0.014),0.568(0.160),11.019(0.163),-1.144(0.053),0.016(0.360000),11.144(0.560000)
Random 512 corrected, 0.025(0.012),0.672(0.147),11.236(0.130),-1.211(0.040),0.037(0.340000),11.104(0.430000)
Random 1024, 0.050(0.012),0.401(0.116),9.335(0.057),-0.506(0.023),0.030(0.320000),9.422(0.510000)
Random 1024 corrected, 0.060(0.012),0.318(0.096),9.347(0.115),-0.504(0.033),0.077(0.180000),9.303(0.590000)
Cohort B
Motor Score
Inputs, RHO mean (std), Pval mean (std), MAE mean (std), Permuted RHO (p-val), Permuted MAE (p-val)
GA birth, 0.005(0.058),0.596(0.314),7.333(0.000),-0.012(0.000),0.004(0.410000),7.333(0.490000)
PMA scan, -0.012(0.098),0.282(0.260),7.333(0.000),-0.012(0.000),-0.141(0.860000),7.333(0.610000)
FA, -0.006(0.075),0.399(0.204),7.333(0.000),-0.012(0.000),0.026(0.260000),7.333(0.090000)
FA corr, -0.029(0.134),0.357(0.342),7.333(0.000),-0.012(0.000),0.169(0.020000),7.333(0.260000)
GA birth + PMA scan, -0.115(0.014),0.113(0.043),7.349(0.004),-0.014(0.001),-0.102(0.620000),7.344(0.760000)
GA birth + PMA scan + FA, -0.127(0.022),0.087(0.043),7.356(0.007),-0.015(0.002),-0.097(0.430000),7.352(0.700000)
GA birth + PMA scan + FA corrected, -0.140(0.016),0.054(0.026),7.355(0.004),-0.015(0.001),-0.148(0.770000),7.356(0.670000)
Segmentation (52), -0.044(0.009),0.537(0.078),7.732(0.023),-0.122(0.008),-0.049(0.540000),7.751(0.570000)
Segmentation (52) corrected, -0.014(0.014),0.831(0.128),7.661(0.049),-0.112(0.010),-0.024(0.510000),7.699(0.430000)
Random 128, 0.055(0.017),0.452(0.135),8.308(0.079),-0.198(0.017),0.076(0.200000),8.133(0.190000)
Random 128 corrected, 0.053(0.011),0.461(0.093),8.539(0.074),-0.265(0.016),0.059(0.270000),8.472(0.440000)
Random 256, -0.022(0.020),0.699(0.104),10.401(0.122),-0.769(0.043),-0.025(0.550000),10.403(0.840000)
Random 256 corrected, 0.012(0.016),0.790(0.061),10.545(0.120),-0.843(0.042),0.029(0.360000),10.611(0.790000)
Random 512, 0.051(0.011),0.478(0.095),10.774(0.125),-0.771(0.035),0.046(0.340000),10.661(0.580000)
Random 512 corrected, 0.098(0.019),0.182(0.074),10.184(0.145),-0.612(0.044),0.081(0.180000),10.388(0.590000)
Random 1024, -0.068(0.008),0.346(0.056),9.733(0.060),-0.576(0.012),-0.070(0.730000),9.784(0.900000)
Random 1024 corrected, -0.053(0.013),0.466(0.099),9.644(0.098),-0.549(0.030),-0.043(0.680000),9.593(0.930000)
Cohort C
Motor Score
Inputs, RHO mean (std), Pval mean (std), MAE mean (std), Permuted RHO (p-val), Permuted MAE (p-val)
GA birth, 0.002(0.065),0.449(0.177),7.316(0.000),-0.014(0.000),0.044(0.260000),7.316(0.390000)
PMA scan, -0.011(0.095),0.381(0.273),7.316(0.000),-0.014(0.000),-0.061(0.610000),7.316(0.550000)
FA, -0.027(0.103),0.284(0.243),7.316(0.000),-0.014(0.000),-0.116(0.850000),7.316(0.620000)
FA corr, -0.028(0.091),0.386(0.323),7.316(0.000),-0.014(0.000),0.046(0.230000),7.316(0.070000)
GA birth + PMA scan, -0.115(0.020),0.122(0.076),7.330(0.003),-0.016(0.000),-0.121(0.620000),7.331(0.740000)
GA birth + PMA scan + FA, -0.133(0.019),0.072(0.044),7.335(0.008),-0.017(0.002),-0.155(0.720000),7.359(0.780000)
GA birth + PMA scan + FA corrected, -0.126(0.017),0.087(0.053),7.331(0.003),-0.016(0.000),-0.148(0.650000),7.328(0.540000)
Segmentation (52), -0.013(0.013),0.820(0.083),7.660(0.034),-0.105(0.010),-0.028(0.550000),7.679(0.500000)
Segmentation (52) corrected, -0.024(0.016),0.747(0.158),7.716(0.069),-0.124(0.012),-0.013(0.560000),7.648(0.280000)
Random 128, 0.007(0.015),0.840(0.083),8.463(0.072),-0.259(0.018),0.016(0.330000),8.385(0.450000)
Random 128 corrected, 0.014(0.013),0.846(0.137),8.691(0.104),-0.325(0.027),0.016(0.370000),8.726(0.660000)
Random 256, -0.027(0.020),0.674(0.135),10.448(0.150),-0.781(0.045),-0.024(0.570000),10.421(0.820000)
Random 256 corrected, 0.005(0.021),0.813(0.127),10.680(0.152),-0.883(0.061),-0.035(0.600000),10.968(0.880000)
Random 512, 0.061(0.020),0.409(0.158),10.632(0.186),-0.744(0.055),0.047(0.270000),10.792(0.530000)
Random 512 corrected, 0.083(0.009),0.253(0.052),10.222(0.082),-0.644(0.023),0.084(0.180000),10.138(0.450000)
Random 1024, -0.074(0.009),0.309(0.059),9.751(0.082),-0.597(0.024),-0.084(0.810000),9.818(0.950000)
Random 1024 corrected, -0.055(0.008),0.445(0.063),9.585(0.048),-0.535(0.015),-0.046(0.670000),9.531(0.910000)
Cohort D
Motor Score
Inputs, RHO mean (std), Pval mean (std), MAE mean (std), Permuted RHO (p-val), Permuted MAE (p-val)
GA birth, 0.049(0.074),0.618(0.322),5.865(0.000),-0.027(0.000),0.077(0.200000),5.865(0.450000)
PMA scan, -0.023(0.038),0.680(0.186),5.865(0.000),-0.027(0.000),-0.010(0.390000),5.865(0.220000)
FA, -0.032(0.104),0.504(0.353),5.865(0.000),-0.027(0.000),-0.126(0.700000),5.865(0.720000)
FA corr, -0.010(0.053),0.698(0.275),5.865(0.000),-0.027(0.000),-0.000(0.380000),5.865(0.460000)
GA birth + PMA scan, -0.160(0.053),0.125(0.123),5.865(0.000),-0.027(0.000),-0.214(0.880000),5.865(0.390000)
GA birth + PMA scan + FA, -0.199(0.063),0.070(0.080),5.866(0.001),-0.027(0.000),-0.110(0.430000),5.865(0.140000)
GA birth + PMA scan + FA corrected, -0.182(0.037),0.058(0.042),5.866(0.002),-0.027(0.000),-0.174(0.700000),5.865(0.200000)
Segmentation (52), -0.084(0.011),0.355(0.064),6.314(0.053),-0.205(0.012),-0.080(0.670000),6.271(0.380000)
Segmentation (52) corrected, -0.129(0.022),0.162(0.080),6.670(0.058),-0.291(0.024),-0.119(0.750000),6.646(0.770000)
Random 128, 0.133(0.019),0.147(0.058),6.873(0.095),-0.213(0.024),0.127(0.150000),6.907(0.290000)
Random 128 corrected, 0.172(0.018),0.059(0.022),7.032(0.074),-0.220(0.027),0.159(0.160000),7.074(0.290000)
Random 256, -0.014(0.021),0.836(0.140),8.985(0.176),-1.054(0.072),-0.010(0.480000),8.991(0.720000)
Random 256 corrected, -0.042(0.019),0.652(0.145),9.370(0.106),-1.290(0.055),-0.024(0.590000),9.259(0.760000)
Random 512, 0.065(0.015),0.478(0.103),7.292(0.094),-0.358(0.027),0.068(0.310000),7.200(0.300000)
Random 512 corrected, 0.033(0.010),0.715(0.082),7.376(0.066),-0.383(0.021),0.039(0.410000),7.357(0.420000)
Random 1024, 0.010(0.015),0.860(0.074),6.894(0.043),-0.217(0.015),0.013(0.390000),6.871(0.470000)
Random 1024 corrected, 0.005(0.013),0.901(0.070),6.937(0.054),-0.222(0.015),-0.001(0.430000),7.020(0.540000)
Cohort E
Motor Score
Inputs, RHO mean (std), Pval mean (std), MAE mean (std), Permuted RHO (p-val), Permuted MAE (p-val)
GA birth, -0.498(0.000),0.000(0.000),6.773(0.000),-0.112(0.000),-0.498(0.370000),6.773(0.600000)
PMA scan, -0.258(0.000),0.083(0.000),6.689(0.000),-0.070(0.000),-0.258(0.350000),6.689(0.390000)
FA, -0.732(0.000),0.000(0.000),6.749(0.000),-0.134(0.000),-0.732(0.510000),6.749(0.380000)
FA corr, -0.484(0.000),0.001(0.000),6.752(0.000),-0.136(0.000),-0.484(0.320000),6.752(0.330000)
GA birth + PMA scan, -0.149(0.000),0.323(0.000),6.695(0.000),-0.067(0.000),-0.149(0.360000),6.695(0.410000)
GA birth + PMA scan + FA, -0.019(0.000),0.901(0.000),6.593(0.000),-0.037(0.000),-0.019(0.270000),6.593(0.290000)
GA birth + PMA scan + FA corrected, -0.027(0.000),0.859(0.000),6.609(0.000),-0.048(0.000),-0.027(0.270000),6.609(0.310000)
Segmentation (52), -0.125(0.000),0.407(0.000),7.595(0.000),-0.422(0.000),-0.125(0.610000),7.595(0.620000)
Segmentation (52) corrected, -0.045(0.000),0.765(0.000),7.941(0.000),-0.481(0.000),-0.045(0.530000),7.941(0.770000)
Random 128, -0.118(0.000),0.436(0.000),8.672(0.000),-0.658(0.000),-0.118(0.810000),8.672(0.680000)
Random 128 corrected, -0.040(0.000),0.791(0.000),9.317(0.000),-0.704(0.000),-0.040(0.500000),9.317(0.760000)
Random 256, -0.110(0.000),0.467(0.000),8.764(0.000),-0.775(0.000),-0.110(0.620000),8.764(0.840000)
Random 256 corrected, -0.040(0.000),0.793(0.000),8.497(0.000),-0.587(0.000),-0.040(0.510000),8.497(0.790000)
Random 512, -0.142(0.000),0.346(0.000),7.667(0.000),-0.371(0.000),-0.142(0.700000),7.667(0.650000)
Random 512 corrected, -0.029(0.000),0.848(0.000),7.751(0.000),-0.316(0.000),-0.029(0.410000),7.751(0.700000)
Random 1024, -0.225(0.000),0.132(0.000),7.644(0.000),-0.346(0.000),-0.225(0.830000),7.644(0.900000)
Random 1024 corrected, -0.178(0.000),0.238(0.000),7.531(0.000),-0.298(0.000),-0.178(0.750000),7.531(0.810000)
